file_name,text
0.png,saitama one punch man
1.png,saitama one punch man
2.png,saitama one punch man
3.png,saitama one punch man
4.png,saitama one punch man
5.png,saitama one punch man
6.png,saitama one punch man
7.png,saitama one punch man
8.png,saitama one punch man
9.png,saitama one punch man
10.png,saitama one punch man
11.png,saitama one punch man
12.png,saitama one punch man
13.png,saitama one punch man
14.png,saitama one punch man
15.png,saitama one punch man
16.png,saitama one punch man
17.png,saitama one punch man
18.png,saitama one punch man
19.png,saitama one punch man
20.png,saitama one punch man
21.png,saitama one punch man
22.png,saitama one punch man
23.png,saitama one punch man
24.png,saitama one punch man
25.png,saitama one punch man
26.png,saitama one punch man
27.png,saitama one punch man
28.png,saitama one punch man
29.png,saitama one punch man
30.png,saitama one punch man
31.png,saitama one punch man
32.png,saitama one punch man
33.png,saitama one punch man
34.png,saitama one punch man
35.png,saitama one punch man
36.png,saitama one punch man
37.png,saitama one punch man
38.png,saitama one punch man
39.png,saitama one punch man
40.png,saitama one punch man
41.png,saitama one punch man
42.png,saitama one punch man
43.png,saitama one punch man
44.png,saitama one punch man
45.png,saitama one punch man
46.png,saitama one punch man
47.png,saitama one punch man
48.png,saitama one punch man
49.png,saitama one punch man
50.png,saitama one punch man
51.png,saitama one punch man
52.png,saitama one punch man
53.png,saitama one punch man
54.png,saitama one punch man
55.png,saitama one punch man
56.png,saitama one punch man
57.png,saitama one punch man
58.png,saitama one punch man
59.png,saitama one punch man
60.png,saitama one punch man
61.png,saitama one punch man
62.png,saitama one punch man
63.png,saitama one punch man
64.png,saitama one punch man
65.png,saitama one punch man
66.png,saitama one punch man
67.png,saitama one punch man
68.png,saitama one punch man
69.png,saitama one punch man
70.png,saitama one punch man
71.png,saitama one punch man
72.png,saitama one punch man
73.png,saitama one punch man
74.png,saitama one punch man
75.png,saitama one punch man
76.png,saitama one punch man
77.png,saitama one punch man
78.png,saitama one punch man
79.png,saitama one punch man
80.png,saitama one punch man
81.png,saitama one punch man
82.png,saitama one punch man
83.png,saitama one punch man
84.png,saitama one punch man
85.png,saitama one punch man
86.png,saitama one punch man
